ID	Weight_before	Weight_after	difference	Littersize	Partner	Weight1_P	Weight2_P	Dom1_P	Dom1	Dom2_P	Dom2	Treatment	Stress1M	Stress2M	Stress1F	Stress2F
0124	17.5	23.9	6.4	5	0831	15.4	16.3	0.16	1.00	0.10	1.75	PT	202.314	318.36	95.214	86.331
0454	18.2	23.5	5.3	3	4664	21.2	19.9	0.44379	4.75	0.40244	6.00	SO	240.471	201.768	24.234	84.084
0719	11.7	11.6	-0.1	0.0	NA	NA	NA	NA	NA	NA	NA	SO	NA	NA	20.916	115.059
0721	8.4	18.7	10.3	3	755	17.4	18.1	0.20112	2.50	0.04891	0.50	C	167.979	656.25	52.92	152.208
0724	12.4	17.2	4.8	2	758	18.1	20.3	0.24719	3.25	0.05488	0.50	AP	329.154	431.76	80.325	87.213
0725	7.9	13.7	5.8	0.0	822	28.9	30.4	0.018181818	0.00	0.357142857	4.25	AP	246.834	210.63	41.013	93.282
0752	12.9	13.9	1.0	0.0	673651D	19.6	22.3	0.121546961	1.00	0.237288136	4.25	PT	196.392	NA	32.193	41.202
0773	13.3	14.6	1.3	0.0	71D09B9	21.9	20.4	0.61585	6.00	0.35165	4.50	PT	152.586	107.646	86.94	34.419
0802	12.9	13.5	0.6	0.0	4998	17.3	25.4	0.35542	4.25	0.21023	5.50	PT	207.69	168.609	75.852	101.01
0805	14.2	13.8	-0.4	0.0	4724	23.4	21.2	0.73077	6.00	0.53672	5.25	PT	253.848	222.516	136.92	101.619
0806	12.7	24.3	11.6	5	812	21.5	21.4	0.19337	2.00	0.33714	2.50	C	137.109	NA	230.58	402.99
0807	13.0	21.8	8.8	5	71cf931	18.9	19.4	0.72527	6.00	0.52406	5.50	SO	NA	NA	158.403	509.67
0808	15.2	14.1	-1.1	0.0	534	21.4	20.1	0.21429	2.75	0.42529	4.00	AP	227.829	76.797	35.658	186.312
0835	17.7	18.6	0.9	0.0	NA	NA	NA	NA	NA	NA	NA	PT	NA	NA	105	103.698
0836	13.7	19.3	5.6	0	4999	17.7	17.8	0.105263158	0.75	0.4	5.25	C	40.005	187.593	64.071	29.946
0844	16.4	21.9	5.5	5	3343	17.7	20.8	0.086294416	0.50	0.252475248	0.00	AP	149.079	146.916	29.526	94.269
0847	15.0	14.8	-0.2	0	3318	18.2	16.1	0.19136	2.00	0.22286	3.50	C	135.681	247.695	48.552	70.959
3302	15.9	23.3	7.4	6	824	12.8	13.4	0.080924855	0.50	0.073529412	0.50	C	70.14	79.17	145.782	154.56
3303	12.3	13.0	0.7	0	3309	21.4	22.5	0.093023256	0.75	0.060240964	0.25	C	64.491	66.087	40.95	61.404
3305	16.3	17.9	1.6	0.0	3319	14.7	16.1	0.43452	4.75	0.62963	3.25	SO	392.07	308.49	106.05	192.192
3307	13.3	19.4	6.1	3	821	23.6	26.4	0.59341	6.00	0.42328	6.00	SO	171.255	446.04	76.776	129.213
3311	15.9	20.3	4.4	2	0816	28.1	28.0	0.20238	2.50	0.10667	1.50	PT	76.482	146.916	109.914	301.77
3312	16.3	17.1	0.8	0	4996	18.5	19.0	0.118644068	0.75	0.224242424	3.00	C	207.648	228.648	55.839	69.909
3314	15.0	16.4	1.4	0.0	71cc73D	25.1	21.6	0.56452	6.00	0.29885	3.25	AP	82.551	215.187	49.182	121.401
3316	18.6	20.3	1.7	0.0	803	14.7	NA	0.41667	4.75	NA	NA	AP	NA	NA	37.002	69.51
3317	16.0	21.9	5.9	4	4671	16.9	17.0	0.19737	2.25	0.25143	3.75	PT	174.636	455.49	39.144	198.429
3323	13.8	22.6	8.8	4	3386	18.6	19.9	0.065217391	0.00	0.032085561	0.25	SO	372.75	56.91	80.871	100.086
3325	11.9	13.1	1.2	0.0	4628	26.5	26.7	0.24064	2.25	0.34862	6.00	PT	86.688	159.936	72.765	178.458
3336	11.5	17.6	6.1	3	NA	NA	NA	NA	NA	NA	NA	AP	NA	NA	NA	NA
3337	20.3	29.4	9.1	6	4801	21.3	21.3	0.134502924	1.25	0.346153846	3.00	SO	NA	335.706	555.66	204.078
3339	19.6	23.1	3.5	4	4617	24.0	24.2	0.74405	6.00	0.25543	3.50	AP	NA	NA	53.214	269.703
3340	14.9	20.9	6.0	1	0167	21.7	22.0	0.33152	4.00	0.43030	5.25	PT	126.483	173.775	57.54	159.915
3344	16.3	22.4	6.1	4	850	16.4	19.4	0.12716763	1.25	0.060240964	0.25	AP	233.142	353.43	46.998	92.568
3347	13.7	20.6	6.9	4	801	15.5	22.8	0.36458	4.50	0.01724	1.25	SO	131.46	232.05	41.454	169.848
3349	12.6	11.7	-0.9	0.0	823	26.6	28.9	0.17791	1.25	0.34555	4.00	SO	52.29	126.294	44.688	375.06
3353	21.1	15.4	-5.7	0	4904	18.2	20.0	0.57485	6.00	0.33125	5.25	C	198.009	176.484	43.26	96.81
3354	16.5	21.7	5.2	5	4866	18.6	22.2	0.55621	6.00	0.33838	4.25	SO	132.006	117.621	53.55	113.547
3358	13.6	14.3	0.7	0.0	4942	27.3	25.0	0.26882	3.25	0.21547	3.00	AP	305.55	NA	63.42	177.051
3360	16.9	17.9	1.0	0.0	4971	21.6	23.5	0.27	3.50	0.10	1.75	PT	270.837	192.759	104.79	89.88
3362	18.2	26.7	8.5	6	3357	24.3	21.2	0.23392	3.00	0.61878	5.75	C	39.186	135.387	74.76	151.41
3368	14.8	24.0	9.2	3	NA	NA	NA	NA	NA	NA	NA	SO	NA	NA	183.96	206.22
3373	15.4	26.1	10.7	6	71cca5f	29.0	28.6	0.30233	3.75	0.18824	1.75	SO	29.946	17.619	62.601	103.887
3378	12.5	16.8	4.3	3	754	19.7	20.0	0.078125	0.25	0.174603175	2.25	PT	315.777	160.188	108.822	124.215
3381	20.1	22.7	2.6	4	3350	18.4	15.9	0.148148148	1.25	0.418848168	5.00	PT	275.373	467.04	126.357	152.943
3384	15.5	16.1	0.6	0	4631	30.1	29.8	0.043243243	0.00	0.096153846	0.75	C	53.34	46.011	79.38	81.165
3387	15.2	22.7	7.5	5	4842	23.8	23.6	0.25698	2.25	0.22460	3.50	PT	84	126.378	207.081	115.059
3388	12.2	12.6	0.4	0.0	820	22.0	NA	0.28049	3.75	NA	NA	SO	123.123	NA	82.95	46.83
3391	17.0	21.0	4.0	3	4910	19.8	20.6	0.130434783	1.25	0.047619048	0.25	C	132.72	NA	54.684	311.85
3394	15.0	24.0	9.0	5	4663	21.3	21.2	0.28916	3.75	0.43636	4.25	PT	527.31	1165.92	51.891	186.081
3395	19.8	26.7	6.9	5	6ead51d	19.7	19.8	0.29	3.75	0.34	3.50	PT	NA	82.026	96.894	128.772
3397	18.8	15.7	-3.1	0.0	815	24.5	22.2	0.035	0.00	0.038251366	0.00	AP	100.653	148.47	80.01	129.843
3400	17.6	15.1	-2.5	0	71cc0c4	23.0	23.3	0.44624	4.75	0.15263	2.50	C	70.455	136.878	94.059	249.858
4641	22.0	28.9	6.9	5	6735206	21.1	21.3	0.151832461	1.25	0.237569061	2.25	AP	360.486	442.575	80.829	62.16
4651	14.7	16.8	2.1	0.0	4972	17.0	17.7	0.072463768	0.25	0.064102564	1.00	SO	226.38	73.29	93.828	123.228
4654	16.0	22.8	6.8	4	4945	20.8	19.6	0.28729	3.75	0.22599	3.50	AP	139.713	507.99	27.363	128.268
4656	14.8	15.3	0.5	0.0	3356	24.7	20.6	0.079754601	0.25	0.349726776	5.25	AP	196.056	349.167	44.457	NA
4666	18.8	23.3	4.5	5	NA	NA	NA	NA	NA	NA	NA	C	NA	NA	34.713	195.951
4676	17.1	18.9	1.8	0.0	3367	20.0	20.7	0.43	4.75	0.41	4.25	PT	94.437	61.488	37.149	51.03
4677	14.7	16.2	1.5	0	3396	22.1	20.5	0.64607	6.00	0.48837	1.25	C	158.97	237.93	18.417	11.697
4679	15.9	22.9	7.0	5	833	17.4	19.7	0.31056	3.75	0.04023	0.50	AP	190.848	345.45	100.023	102.123
4688	14.1	13.9	-0.2	0	4979	16.4	16.4	0.143646409	1.25	0.055276382	0.50	C	112.266	451.08	20.37	109.389
4689	15.9	20.0	4.1	5	71cd84b	20.7	22.4	0.47159	4.75	0.22034	2.75	SO	77.805	NA	35.889	319.83
4699	15.2	20.1	4.9	4	4991	21.4	21.4	0.19231	2.00	0.21687	1.75	AP	152.46	159.81	49.245	155.778
4700	17.5	27.2	9.7	4	NA	NA	NA	NA	NA	NA	NA	PT	NA	NA	105.693	206.808
4725	14.6	19.3	4.7	3	71cc2e8	27.7	26.1	0.55422	6.00	0.26804	2.00	AP	390.831	401.205	107.352	189.84
4735	17.6	17.4	-0.2	0	813	21.0	20.0	0.34409	4.25	0.07895	0.25	C	110.88	185.157	81.018	305.13
4737	20.3	21.8	1.5	0	4665	20.4	21.0	0.26708	3.25	0.16578	1.75	C	59.535	222.411	22.785	48.636
4761	16.9	27.1	10.2	2	3322	18.6	18.7	0.55621	6.00	0.41818	5.25	SO	63.315	44.52	149.499	228.69
4767	21.0	20.9	-0.1	0.0	839	18.5	19.2	0.69	6.00	0.54	5.00	PT	94.878	220.815	46.83	34.797
4795	23.1	28.6	5.5	5	4650	23.0	23.0	0.58	6.00	0.67	5.75	PT	136.983	108.738	35.574	46.41
4809	17.8	18.3	0.5	0	3315	26.6	23.2	0.47059	4.75	0.36413	3.75	C	81.354	117.579	27.489	46.809
4813	22.6	20.5	-2.1	3	71ce815	21.5	19.6	0.54589	5.75	0.22892	3.00	AP	94.017	162.54	31.29	43.47
4814	17.9	25.4	7.5	6	71D0587	28.4	29.4	0.26190	3.25	0.46860	5.00	AP	118.23	NA	88.914	81.102
4831	21.7	29.4	7.7	4	3306	17.9	18.8	0.46	4.75	0.30	1.50	PT	74.088	93.345	339.402	94.92
4835	17.6	23.0	5.4	5	4821	NA	NA	NA	NA	NA	NA	SO	NA	NA	14.721	45.612
4838	17.0	19.5	2.5	4	4917	16.1	15.7	0.56	6.00	0.56	5.25	PT	110.481	64.26	40.341	84.441
4849	15.9	16.7	0.8	0.0	71CD84B	NA	NA	NA	NA	NA	0.75	AP	77.805	NA	53.676	32.34
4865	17.6	23.6	6.0	4	4647	23.8	23.8	0.071428571	0.25	0.02173913	0.00	AP	254.814	164.409	NA	60.312
4887	19.7	19.6	-0.1	0.0	843	15.7	21.9	0.28729	3.50	0.37566	5.25	SO	93.66	79.611	171.297	45.99
4902	16.0	19.2	3.2	4	3392	18.8	20.1	0.069892473	0.25	0.026595745	0.00	C	87.528	174.342	140.49	117.222
4903	17.5	21.5	4.0	2	3321	21.9	20.0	0.49068	5.25	0.61749	6.00	SO	59.346	123.627	163.632	68.817
4905	14.7	20.5	5.8	5	4659	18.6	19.1	0.18471	1.50	0.06044	3.00	PT	276.402	173.04	59.934	98.322
4906	18.4	21.7	3.3	5	4978	16.3	18.2	0.28804	3.75	0.24444	3.75	C	258.3	452.025	34.986	67.683
4912	16.5	24.0	7.5	6	772	17.5	18.7	0.075471698	0.25	0.081395349	1.25	AP	311.01	380.415	53.76	75.243
4913	17.5	22.8	5.3	4	E0814	20.5	18.6	0.27933	3.75	0.09816	2.25	AP	202.524	261.24	29.106	162.792
4914	14.2	20.0	5.8	3.0	123	20.9	18.2	0.48649	5.00	0.12088	4.50	PT	179.697	832.86	47.355	120.057
4918	12.5	16.2	3.7	0	3329	24.5	22.3	0.51381	5.50	0.22424	2.00	C	69.636	94.458	56.343	115.269
4919	12.7	19.3	6.6	4	3393	19.5	22.2	0.51149	5.50	0.52326	6.00	AP	488.46	545.37	44.457	350.28
4926	14.3	19.9	5.6	1	4958	24.2	22.1	0.53695	5.75	0.16667	3.25	PT	153.321	109.788	45.213	118.524
4927	16.2	17.2	1.0	0.0	71DOB7A	27.1	26.6	0.65269	6.00	0.62366	5.25	PT	NA	NA	81.249	44.226
4937	17.1	20.2	3.1	2	841	17.4	19.3	0.30000	3.75	0.25543	3.25	AP	71.862	236.04	33.138	118.902
4938	14.9	24.7	9.8	4	3389	17.0	18.6	0.20109	2.50	0.03125	0.50	SO	86.037	44.856	80.43	151.263
4939	18.3	23.0	4.7	4	4803	20.9	21.4	0.45	4.75	0.49	4.00	PT	240.912	219.954	174.636	217.938
4940	16.2	20.1	3.9	3	4915	20.5	19.1	0.112359551	0.75	0.124223602	0.25	SO	174.069	189.315	34.902	109.074
4946	18.3	19.5	1.2	0.0	125	17.5	19.6	0.55026	6.00	0.39153	3.75	SO	44.646	124.152	68.376	143.724
4950	18.5	15.6	-2.9	0.0	4812	25.8	23.8	0.44	4.75	0.02	0.50	PT	65.121	117.957	50.463	88.326
4951	13.9	22.1	8.2	5	4952	18.7	NA	0.40323	4.75	NA	NA	PT	NA	NA	53.277	187.656
4956	20.4	25.2	4.8	4	6733f34	26.9	27.2	0.27692	3.50	0.09551	2.50	C	196.392	226.842	63.924	116.529
4957	14.9	24.8	9.9	6	818	26.0	25.8	0.096969697	0.75	0.021621622	0.25	AP	210.63	292.887	289.59	367.437
4959	19.6	21.9	2.3	4	3366	18.5	20.3	0.71845	6.00	0.64286	6.00	C	NA	103.53	72.513	132.006
4965	15.5	20.7	5.2	2	4982	19.8	21.3	0.72727	6.00	0.26452	3.00	AP	314.853	249.711	490.98	269.976
4966	17.0	19.6	2.6	4	3310	20.4	19.7	0.054054054	0.00	0.152631579	0.75	C	116.571	235.452	176.904	203.07
4968	15.3	12.9	-2.4	0.0	828	13.8	20.8	0.079787234	0.50	0.185628743	0.25	SO	73.416	73.332	108.885	93.702
4969	12.7	18.2	5.5	4	4980	16.5	18.7	0.36364	4.50	0.53977	4.75	C	193.41	248.178	117.285	128.646
4974	14.6	14.0	-0.6	0.0	3355	18.6	18.8	0.26630	3.25	0.31361	4.50	SO	306.18	347.886	54.495	144.711
4976	18.2	22.2	4.0	2	4852	18.8	20.9	0.069892473	0.25	0.016304348	0.00	C	81.06	156.366	39.522	359.037
4977	15.1	13.6	-1.5	0	NA	NA	NA	NA	NA	NA	NA	C	NA	NA	67.494	45.234
4981	17.7	23.0	5.3	0.0	848	17.4	17.9	0.134078212	1.25	0.111111111	1.25	AP	185.052	464.667	100.947	228.816
4987	19.9	21.2	1.3	0	826	17.8	21.7	0.25654	3.25	0.11602	1.25	C	77.238	385.98	74.109	122.031
4989	15.0	17.7	2.7	0	4949	14.2	15.1	0.28351	3.75	0.25281	0.25	C	216.321	256.074	128.604	384.216
4992	12.1	20.2	8.1	4	3385	19.5	18.9	0.18617	1.75	0.14211	1.00	AP	295.806	370.545	56.595	135.996
4993	17.8	18.4	0.6	0.0	3380	20.0	18.1	0.38235	4.75	0.19372	0.50	SO	384.3	356.769	99.225	110.019
4997	15.2	21.2	6.0	5	0819	21.3	20.7	0.021857923	0.00	0.023255814	0.00	PT	NA	149.121	47.67	269.43
5000	17.3	21.2	3.9	4	753	17.8	20.8	0.38764	4.75	0.50331	6.00	AP	200.277	395.766	50.421	66.066
3352_(0717)	15.6	22.7	7.1	5	3375	20.5	21.6	0.43931	4.75	0.28415	3.00	C	40.005	209.181	72.156	158.445
6EAB790	19.3	23.6	4.3	4	845	19.8	27.3	0.34637	4.25	0.04324	0.50	SO	155.085	134.19	71.421	176.715
71CB389	23.0	17.4	-5.6	0.0	3399	18.1	17.3	0.34225	4.25	0.21557	2.25	PT	61.341	224.7	52.584	NA
71CB437	19.0	17.4	-1.6	0.0	4941	18.9	20.4	0.053892216	0.00	0.043478261	0.00	SO	NA	387.429	NA	NA
71CCE25	20.2	24.3	4.1	5	767	26.2	24.4	0.14516129	1.25	0.55026455	5.00	AP	124.677	222.285	49.56	90.447
71CE1AC	17.5	16.6	-0.9	0.0	817	35.1	34.9	0.31579	3.75	0.66477	5.75	SO	35.952	64.89	76.692	19.488
71CF2B1	17.5	23.1	5.6	4	4973	20.7	20.0	0.154285714	1.25	0.141414141	1.00	SO	141.96	127.89	98.343	26.817
71CFD7D	17.3	23.2	5.9	6	4816	25.8	20.3	0.61818	6.00	0.58659	5.75	AP	73.626	67.557	NA	NA
71CFOA0	20.9	21.6	0.7	0.0	4874	24.5	24.7	0.55152	6.00	0.50761	5.50	PT	168.714	136.353	25.263	15.33
A3379	15.5	18.4	2.9	3.0	71ce249	23.8	23.3	0.089820359	0.75	0.135869565	3.25	SO	NA	NA	51.996	37.191
