Mother	Treatment	Weight	Littersize	Weight_before	Weight_after	difference	Partner	Weight1_P	Weight2_P	Dom1_P	Dom2_P	Dom1	Dom2
124	W	2.76	5	17.5	23.9	6.4	831	15.4	16.3	0.16	0.1	1	1.75
124	W	2.66	5	17.5	23.9	6.4	831	15.4	16.3	0.16	0.1	1	1.75
124	W	2.84	5	17.5	23.9	6.4	831	15.4	16.3	0.16	0.1	1	1.75
124	W	2.81	5	17.5	23.9	6.4	831	15.4	16.3	0.16	0.1	1	1.75
124	W	2.37	5	17.5	23.9	6.4	831	15.4	16.3	0.16	0.1	1	1.75
454	APC	2.05	3	18.2	23.5	5.3	4664	21.2	19.9	0.44379	0.40244	4.75	6
454	APC	2.02	3	18.2	23.5	5.3	4664	21.2	19.9	0.44379	0.40244	4.75	6
454	APC	1.51	3	18.2	23.5	5.3	4664	21.2	19.9	0.44379	0.40244	4.75	6
721	C	2.42	3	8.4	18.7	10.3	755	17.4	18.1	0.20112	0.04891	2.5	0.5
721	C	1.95	3	8.4	18.7	10.3	755	17.4	18.1	0.20112	0.04891	2.5	0.5
721	C	2.36	3	8.4	18.7	10.3	755	17.4	18.1	0.20112	0.04891	2.5	0.5
724	AP	2.16	2	12.4	17.2	4.8	758	18.1	20.3	0.24719	0.05488	3.25	0.5
724	AP	1.84	2	12.4	17.2	4.8	758	18.1	20.3	0.24719	0.05488	3.25	0.5
806	C	3.37	5	12.7	24.3	11.6	812	21.5	21.4	0.19337	0.33714	2	2.5
806	C	2.9	5	12.7	24.3	11.6	812	21.5	21.4	0.19337	0.33714	2	2.5
806	C	3.42	5	12.7	24.3	11.6	812	21.5	21.4	0.19337	0.33714	2	2.5
806	C	3.59	5	12.7	24.3	11.6	812	21.5	21.4	0.19337	0.33714	2	2.5
807	APC	1.77	5	13	21.8	8.8	71cf931	18.9	19.4	0.72527	0.52406	6	5.5
807	APC	2.09	5	13	21.8	8.8	71cf931	18.9	19.4	0.72527	0.52406	6	5.5
807	APC	1.47	5	13	21.8	8.8	71cf931	18.9	19.4	0.72527	0.52406	6	5.5
807	APC	1.7	5	13	21.8	8.8	71cf931	18.9	19.4	0.72527	0.52406	6	5.5
807	APC	1.88	5	13	21.8	8.8	71cf931	18.9	19.4	0.72527	0.52406	6	5.5
844	AP	2.1	5	16.4	21.9	5.5	3343	17.7	20.8	0.086294416	0.252475248	0.5	0
844	AP	2.09	5	16.4	21.9	5.5	3343	17.7	20.8	0.086294416	0.252475248	0.5	0
844	AP	2.09	5	16.4	21.9	5.5	3343	17.7	20.8	0.086294416	0.252475248	0.5	0
844	AP	1.57	5	16.4	21.9	5.5	3343	17.7	20.8	0.086294416	0.252475248	0.5	0
844	AP	1.91	5	16.4	21.9	5.5	3343	17.7	20.8	0.086294416	0.252475248	0.5	0
3302	C	2.18	6	15.9	23.3	7.4	824	12.8	13.4	0.080924855	0.073529412	0.5	0.5
3302	C	2.03	6	15.9	23.3	7.4	824	12.8	13.4	0.080924855	0.073529412	0.5	0.5
3302	C	2.09	6	15.9	23.3	7.4	824	12.8	13.4	0.080924855	0.073529412	0.5	0.5
3302	C	2.08	6	15.9	23.3	7.4	824	12.8	13.4	0.080924855	0.073529412	0.5	0.5
3302	C	2.18	6	15.9	23.3	7.4	824	12.8	13.4	0.080924855	0.073529412	0.5	0.5
3302	C	2.18	6	15.9	23.3	7.4	824	12.8	13.4	0.080924855	0.073529412	0.5	0.5
3307	APC	3.23	3	13.3	19.4	6.1	821	23.6	26.4	0.59341	0.42328	6	6
3307	APC	3.32	3	13.3	19.4	6.1	821	23.6	26.4	0.59341	0.42328	6	6
3307	APC	3.05	3	13.3	19.4	6.1	821	23.6	26.4	0.59341	0.42328	6	6
3311	W	2.53	2	15.9	20.3	4.4	816	28.1	28	0.20238	0.10667	2.5	1.5
3311	W	2.49	2	15.9	20.3	4.4	816	28.1	28	0.20238	0.10667	2.5	1.5
3317	W	3.27	4	16	21.9	5.9	4671	16.9	17	0.19737	0.25143	2.25	3.75
3317	W	2.96	4	16	21.9	5.9	4671	16.9	17	0.19737	0.25143	2.25	3.75
3317	W	3.36	4	16	21.9	5.9	4671	16.9	17	0.19737	0.25143	2.25	3.75
3317	W	3.22	4	16	21.9	5.9	4671	16.9	17	0.19737	0.25143	2.25	3.75
3323	APC	2.02	4	13.8	22.6	8.8	3386	18.6	19.9	0.065217391	0.032085561	0	0.25
3323	APC	2.18	4	13.8	22.6	8.8	3386	18.6	19.9	0.065217391	0.032085561	0	0.25
3323	APC	2.22	4	13.8	22.6	8.8	3386	18.6	19.9	0.065217391	0.032085561	0	0.25
3323	APC	2.18	4	13.8	22.6	8.8	3386	18.6	19.9	0.065217391	0.032085561	0	0.25
3336	AP	1.72	3	11.5	17.6	6.1	NA	NA	NA	NA	NA	NA	NA
3336	AP	2.25	3	11.5	17.6	6.1	NA	NA	NA	NA	NA	NA	NA
3336	AP	2.52	3	11.5	17.6	6.1	NA	NA	NA	NA	NA	NA	NA
3337	APC	3.41	6	20.3	29.4	9.1	4801	21.3	21.3	0.134502924	0.346153846	1.25	3
3337	APC	3.34	6	20.3	29.4	9.1	4801	21.3	21.3	0.134502924	0.346153846	1.25	3
3337	APC	3.42	6	20.3	29.4	9.1	4801	21.3	21.3	0.134502924	0.346153846	1.25	3
3337	APC	3.23	6	20.3	29.4	9.1	4801	21.3	21.3	0.134502924	0.346153846	1.25	3
3337	APC	3.47	6	20.3	29.4	9.1	4801	21.3	21.3	0.134502924	0.346153846	1.25	3
3337	APC	3.3	6	20.3	29.4	9.1	4801	21.3	21.3	0.134502924	0.346153846	1.25	3
3339	AP	2.39	4	19.6	23.1	3.5	4617	24	24.2	0.74405	0.25543	6	3.5
3339	AP	2.36	4	19.6	23.1	3.5	4617	24	24.2	0.74405	0.25543	6	3.5
3339	AP	2.15	4	19.6	23.1	3.5	4617	24	24.2	0.74405	0.25543	6	3.5
3339	AP	2.4	4	19.6	23.1	3.5	4617	24	24.2	0.74405	0.25543	6	3.5
3340	W	2.82	1	14.9	20.9	6	167	21.7	22	0.33152	0.4303	4	5.25
3344	AP	1.93	4	16.3	22.4	6.1	850	16.4	19.4	0.12716763	0.060240964	1.25	0.25
3344	AP	2.05	4	16.3	22.4	6.1	850	16.4	19.4	0.12716763	0.060240964	1.25	0.25
3344	AP	1.95	4	16.3	22.4	6.1	850	16.4	19.4	0.12716763	0.060240964	1.25	0.25
3344	AP	2.05	4	16.3	22.4	6.1	850	16.4	19.4	0.12716763	0.060240964	1.25	0.25
3347	APC	3.19	4	13.7	20.6	6.9	801	15.5	22.8	0.36458	0.01724	4.5	1.25
3347	APC	3.37	4	13.7	20.6	6.9	801	15.5	22.8	0.36458	0.01724	4.5	1.25
3347	APC	3.58	4	13.7	20.6	6.9	801	15.5	22.8	0.36458	0.01724	4.5	1.25
3347	APC	3.4	4	13.7	20.6	6.9	801	15.5	22.8	0.36458	0.01724	4.5	1.25
3354	APC	3.15	5	16.5	21.7	5.2	4866	18.6	22.2	0.55621	0.33838	6	4.25
3354	APC	2.82	5	16.5	21.7	5.2	4866	18.6	22.2	0.55621	0.33838	6	4.25
3354	APC	3.4	5	16.5	21.7	5.2	4866	18.6	22.2	0.55621	0.33838	6	4.25
3354	APC	2.97	5	16.5	21.7	5.2	4866	18.6	22.2	0.55621	0.33838	6	4.25
3354	APC	2.78	5	16.5	21.7	5.2	4866	18.6	22.2	0.55621	0.33838	6	4.25
3362	C	2.39	6	18.2	26.7	8.5	3357	24.3	21.2	0.23392	0.61878	3	5.75
3362	C	2.18	6	18.2	26.7	8.5	3357	24.3	21.2	0.23392	0.61878	3	5.75
3362	C	2.37	6	18.2	26.7	8.5	3357	24.3	21.2	0.23392	0.61878	3	5.75
3362	C	2.23	6	18.2	26.7	8.5	3357	24.3	21.2	0.23392	0.61878	3	5.75
3362	C	2.17	6	18.2	26.7	8.5	3357	24.3	21.2	0.23392	0.61878	3	5.75
3362	C	2.17	6	18.2	26.7	8.5	3357	24.3	21.2	0.23392	0.61878	3	5.75
3368	APC	3.69	3	14.8	24	9.2	NA	NA	NA	NA	NA	NA	NA
3368	APC	3.48	3	14.8	24	9.2	NA	NA	NA	NA	NA	NA	NA
3368	APC	3.17	3	14.8	24	9.2	NA	NA	NA	NA	NA	NA	NA
3373	APC	2.87	6	15.4	26.1	10.7	71cca5f	29	28.6	0.30233	0.18824	3.75	1.75
3373	APC	2.88	6	15.4	26.1	10.7	71cca5f	29	28.6	0.30233	0.18824	3.75	1.75
3373	APC	3.02	6	15.4	26.1	10.7	71cca5f	29	28.6	0.30233	0.18824	3.75	1.75
3373	APC	2.89	6	15.4	26.1	10.7	71cca5f	29	28.6	0.30233	0.18824	3.75	1.75
3373	APC	2.92	6	15.4	26.1	10.7	71cca5f	29	28.6	0.30233	0.18824	3.75	1.75
3373	APC	2.58	6	15.4	26.1	10.7	71cca5f	29	28.6	0.30233	0.18824	3.75	1.75
3378	W	2.83	3	12.5	16.8	4.3	754	19.7	20	0.078125	0.174603175	0.25	2.25
3378	W	2.8	3	12.5	16.8	4.3	754	19.7	20	0.078125	0.174603175	0.25	2.25
3378	W	2.7	3	12.5	16.8	4.3	754	19.7	20	0.078125	0.174603175	0.25	2.25
3379	APC	2.37	3	NA	NA	NA	NA	NA	NA	NA	NA	NA	NA
3379	APC	2.3	3	NA	NA	NA	NA	NA	NA	NA	NA	NA	NA
3379	APC	2.14	3	NA	NA	NA	NA	NA	NA	NA	NA	NA	NA
3381	W	2.99	4	20.1	22.7	2.6	3350	18.4	15.9	0.148148148	0.418848168	1.25	5
3381	W	3.17	4	20.1	22.7	2.6	3350	18.4	15.9	0.148148148	0.418848168	1.25	5
3381	W	2.87	4	20.1	22.7	2.6	3350	18.4	15.9	0.148148148	0.418848168	1.25	5
3381	W	2.48	4	20.1	22.7	2.6	3350	18.4	15.9	0.148148148	0.418848168	1.25	5
3387	W	2.08	5	15.2	22.7	7.5	4842	23.8	23.6	0.25698	0.2246	2.25	3.5
3387	W	2.04	5	15.2	22.7	7.5	4842	23.8	23.6	0.25698	0.2246	2.25	3.5
3387	W	1.95	5	15.2	22.7	7.5	4842	23.8	23.6	0.25698	0.2246	2.25	3.5
3387	W	2.35	5	15.2	22.7	7.5	4842	23.8	23.6	0.25698	0.2246	2.25	3.5
3387	W	2.11	5	15.2	22.7	7.5	4842	23.8	23.6	0.25698	0.2246	2.25	3.5
3391	C	2.31	3	17	21	4	4910	19.8	20.6	0.130434783	0.047619048	1.25	0.25
3391	C	2.29	3	17	21	4	4910	19.8	20.6	0.130434783	0.047619048	1.25	0.25
3391	C	2.18	3	17	21	4	4910	19.8	20.6	0.130434783	0.047619048	1.25	0.25
3394	W	2.98	5	15	24	9	4663	21.3	21.2	0.28916	0.43636	3.75	4.25
3394	W	2.73	5	15	24	9	4663	21.3	21.2	0.28916	0.43636	3.75	4.25
3394	W	2.91	5	15	24	9	4663	21.3	21.2	0.28916	0.43636	3.75	4.25
3394	W	2.68	5	15	24	9	4663	21.3	21.2	0.28916	0.43636	3.75	4.25
3394	W	2.78	5	15	24	9	4663	21.3	21.2	0.28916	0.43636	3.75	4.25
3395	W	3.57	5	19.8	26.7	6.9	6ead51d	19.7	19.8	0.29	0.34	3.75	3.5
3395	W	3.74	5	19.8	26.7	6.9	6ead51d	19.7	19.8	0.29	0.34	3.75	3.5
3395	W	3.4	5	19.8	26.7	6.9	6ead51d	19.7	19.8	0.29	0.34	3.75	3.5
3395	W	3.61	5	19.8	26.7	6.9	6ead51d	19.7	19.8	0.29	0.34	3.75	3.5
3395	W	3.49	5	19.8	26.7	6.9	6ead51d	19.7	19.8	0.29	0.34	3.75	3.5
4641	AP	2.83	5	22	28.9	6.9	6735206	21.1	21.3	0.151832461	0.237569061	1.25	2.25
4641	AP	2.74	5	22	28.9	6.9	6735206	21.1	21.3	0.151832461	0.237569061	1.25	2.25
4641	AP	2.41	5	22	28.9	6.9	6735206	21.1	21.3	0.151832461	0.237569061	1.25	2.25
4641	AP	2.56	5	22	28.9	6.9	6735206	21.1	21.3	0.151832461	0.237569061	1.25	2.25
4641	AP	2.56	5	22	28.9	6.9	6735206	21.1	21.3	0.151832461	0.237569061	1.25	2.25
4654	AP	2.96	4	16	22.8	6.8	4945	20.8	19.6	0.28729	0.22599	3.75	3.5
4654	AP	2.9	4	16	22.8	6.8	4945	20.8	19.6	0.28729	0.22599	3.75	3.5
4654	AP	3.02	4	16	22.8	6.8	4945	20.8	19.6	0.28729	0.22599	3.75	3.5
4654	AP	2.88	4	16	22.8	6.8	4945	20.8	19.6	0.28729	0.22599	3.75	3.5
4666	C	1.79	5	18.8	23.3	4.5	NA	NA	NA	NA	NA	NA	NA
4666	C	2.01	5	18.8	23.3	4.5	NA	NA	NA	NA	NA	NA	NA
4666	C	1.7	5	18.8	23.3	4.5	NA	NA	NA	NA	NA	NA	NA
4666	C	1.99	5	18.8	23.3	4.5	NA	NA	NA	NA	NA	NA	NA
4666	C	1.64	5	18.8	23.3	4.5	NA	NA	NA	NA	NA	NA	NA
4679	AP	2.66	5	15.9	22.9	7	833	17.4	19.7	0.31056	0.04023	3.75	0.5
4679	AP	2.71	5	15.9	22.9	7	833	17.4	19.7	0.31056	0.04023	3.75	0.5
4679	AP	2.86	5	15.9	22.9	7	833	17.4	19.7	0.31056	0.04023	3.75	0.5
4679	AP	2.98	5	15.9	22.9	7	833	17.4	19.7	0.31056	0.04023	3.75	0.5
4679	AP	2.88	5	15.9	22.9	7	833	17.4	19.7	0.31056	0.04023	3.75	0.5
4689	APC	1.95	5	15.9	20	4.1	71cd84b	20.7	22.4	0.47159	0.22034	4.75	2.75
4689	APC	1.84	5	15.9	20	4.1	71cd84b	20.7	22.4	0.47159	0.22034	4.75	2.75
4689	APC	1.95	5	15.9	20	4.1	71cd84b	20.7	22.4	0.47159	0.22034	4.75	2.75
4689	APC	1.81	5	15.9	20	4.1	71cd84b	20.7	22.4	0.47159	0.22034	4.75	2.75
4689	APC	2.05	5	15.9	20	4.1	71cd84b	20.7	22.4	0.47159	0.22034	4.75	2.75
4699	AP	2.29	4	15.2	20.1	4.9	4991	21.4	21.4	0.19231	0.21687	2	1.75
4699	AP	2.33	4	15.2	20.1	4.9	4991	21.4	21.4	0.19231	0.21687	2	1.75
4699	AP	2.35	4	15.2	20.1	4.9	4991	21.4	21.4	0.19231	0.21687	2	1.75
4699	AP	2.25	4	15.2	20.1	4.9	4991	21.4	21.4	0.19231	0.21687	2	1.75
4700	W	3.3	4	17.5	27.2	9.7	NA	NA	NA	NA	NA	NA	NA
4700	W	3.4	4	17.5	27.2	9.7	NA	NA	NA	NA	NA	NA	NA
4700	W	3.23	4	17.5	27.2	9.7	NA	NA	NA	NA	NA	NA	NA
4700	W	3.22	4	17.5	27.2	9.7	NA	NA	NA	NA	NA	NA	NA
4725	AP	2.54	3	14.6	19.3	4.7	71cc2e8	27.7	26.1	0.55422	0.26804	6	2
4725	AP	2.76	3	14.6	19.3	4.7	71cc2e8	27.7	26.1	0.55422	0.26804	6	2
4725	AP	2.57	3	14.6	19.3	4.7	71cc2e8	27.7	26.1	0.55422	0.26804	6	2
4761	APC	2.3	2	16.9	27.1	10.2	3322	18.6	18.7	0.55621	0.41818	6	5.25
4761	APC	2.51	2	16.9	27.1	10.2	3322	18.6	18.7	0.55621	0.41818	6	5.25
4795	W	2.44	5	23.1	28.6	5.5	4650	23	23	0.58	0.67	6	5.75
4795	W	1.68	5	23.1	28.6	5.5	4650	23	23	0.58	0.67	6	5.75
4795	W	2.26	5	23.1	28.6	5.5	4650	23	23	0.58	0.67	6	5.75
4795	W	2.25	5	23.1	28.6	5.5	4650	23	23	0.58	0.67	6	5.75
4795	W	2.46	5	23.1	28.6	5.5	4650	23	23	0.58	0.67	6	5.75
4813	AP	2.44	3	22.6	20.5	-2.1	71ce815	21.5	19.6	0.54589	0.22892	5.75	3
4813	AP	2.48	3	22.6	20.5	-2.1	71ce815	21.5	19.6	0.54589	0.22892	5.75	3
4813	AP	2.58	3	22.6	20.5	-2.1	71ce815	21.5	19.6	0.54589	0.22892	5.75	3
4814	AP	2.77	6	17.9	25.4	7.5	71D0587	28.4	29.4	0.2619	0.4686	3.25	5
4814	AP	2.77	6	17.9	25.4	7.5	71D0587	28.4	29.4	0.2619	0.4686	3.25	5
4814	AP	2.71	6	17.9	25.4	7.5	71D0587	28.4	29.4	0.2619	0.4686	3.25	5
4814	AP	2.86	6	17.9	25.4	7.5	71D0587	28.4	29.4	0.2619	0.4686	3.25	5
4814	AP	2.72	6	17.9	25.4	7.5	71D0587	28.4	29.4	0.2619	0.4686	3.25	5
4814	AP	2.48	6	17.9	25.4	7.5	71D0587	28.4	29.4	0.2619	0.4686	3.25	5
4831	W	3.24	4	21.7	29.4	7.7	3306	17.9	18.8	0.46	0.3	4.75	1.5
4831	W	3.3	4	21.7	29.4	7.7	3306	17.9	18.8	0.46	0.3	4.75	1.5
4831	W	3.3	4	21.7	29.4	7.7	3306	17.9	18.8	0.46	0.3	4.75	1.5
4831	W	3.09	4	21.7	29.4	7.7	3306	17.9	18.8	0.46	0.3	4.75	1.5
4835	APC	2.17	5	17.6	23	5.4	4821	NA	NA	NA	NA	NA	NA
4835	APC	2.07	5	17.6	23	5.4	4821	NA	NA	NA	NA	NA	NA
4835	APC	2.03	5	17.6	23	5.4	4821	NA	NA	NA	NA	NA	NA
4835	APC	2.11	5	17.6	23	5.4	4821	NA	NA	NA	NA	NA	NA
4835	APC	1.91	5	17.6	23	5.4	4821	NA	NA	NA	NA	NA	NA
4838	W	2.43	4	17	19.5	2.5	4917	16.1	15.7	0.56	0.56	6	5.25
4838	W	2.48	4	17	19.5	2.5	4917	16.1	15.7	0.56	0.56	6	5.25
4838	W	2.26	4	17	19.5	2.5	4917	16.1	15.7	0.56	0.56	6	5.25
4838	W	2.2	4	17	19.5	2.5	4917	16.1	15.7	0.56	0.56	6	5.25
4865	AP	3.09	4	17.6	23.6	6	4647	23.8	23.8	0.071428571	0.02173913	0.25	0
4865	AP	2.86	4	17.6	23.6	6	4647	23.8	23.8	0.071428571	0.02173913	0.25	0
4865	AP	3.06	4	17.6	23.6	6	4647	23.8	23.8	0.071428571	0.02173913	0.25	0
4865	AP	2.78	4	17.6	23.6	6	4647	23.8	23.8	0.071428571	0.02173913	0.25	0
4905	W	2.46	5	14.7	20.5	5.8	4659	18.6	19.1	0.18471	0.06044	1.5	3
4905	W	2.36	5	14.7	20.5	5.8	4659	18.6	19.1	0.18471	0.06044	1.5	3
4905	W	2.31	5	14.7	20.5	5.8	4659	18.6	19.1	0.18471	0.06044	1.5	3
4905	W	2.27	5	14.7	20.5	5.8	4659	18.6	19.1	0.18471	0.06044	1.5	3
4905	W	2.36	5	14.7	20.5	5.8	4659	18.6	19.1	0.18471	0.06044	1.5	3
4906	C	2.63	5	18.4	21.7	3.3	4978	16.3	18.2	0.28804	0.24444	3.75	3.75
4906	C	2.7	5	18.4	21.7	3.3	4978	16.3	18.2	0.28804	0.24444	3.75	3.75
4906	C	2.85	5	18.4	21.7	3.3	4978	16.3	18.2	0.28804	0.24444	3.75	3.75
4906	C	2.92	5	18.4	21.7	3.3	4978	16.3	18.2	0.28804	0.24444	3.75	3.75
4906	C	2.5	5	18.4	21.7	3.3	4978	16.3	18.2	0.28804	0.24444	3.75	3.75
4912	AP	2.86	6	16.5	24	7.5	772	17.5	18.7	0.075471698	0.081395349	0.25	1.25
4912	AP	2.85	6	16.5	24	7.5	772	17.5	18.7	0.075471698	0.081395349	0.25	1.25
4912	AP	2.66	6	16.5	24	7.5	772	17.5	18.7	0.075471698	0.081395349	0.25	1.25
4912	AP	2.94	6	16.5	24	7.5	772	17.5	18.7	0.075471698	0.081395349	0.25	1.25
4912	AP	2.86	6	16.5	24	7.5	772	17.5	18.7	0.075471698	0.081395349	0.25	1.25
4912	AP	2.93	6	16.5	24	7.5	772	17.5	18.7	0.075471698	0.081395349	0.25	1.25
4913	AP	2.85	4	17.5	22.8	5.3	E0814	20.5	18.6	0.27933	0.09816	3.75	3.75
4913	AP	2.91	4	17.5	22.8	5.3	E0814	20.5	18.6	0.27933	0.09816	3.75	3.75
4913	AP	2.66	4	17.5	22.8	5.3	E0814	20.5	18.6	0.27933	0.09816	3.75	3.75
4913	AP	2.9	4	17.5	22.8	5.3	E0814	20.5	18.6	0.27933	0.09816	3.75	3.75
4919	AP	2.84	4	12.7	19.3	6.6	3393	19.5	22.2	0.51149	0.52326	5.5	6
4919	AP	2.88	4	12.7	19.3	6.6	3393	19.5	22.2	0.51149	0.52326	5.5	6
4919	AP	2.93	4	12.7	19.3	6.6	3393	19.5	22.2	0.51149	0.52326	5.5	6
4919	AP	2.61	4	12.7	19.3	6.6	3393	19.5	22.2	0.51149	0.52326	5.5	6
4926	W	3.73	1	14.3	19.9	5.6	4958	24.2	22.1	0.53695	0.16667	5.75	3.25
4937	AP	2.52	3	17.1	20.2	3.1	841	17.4	19.3	0.3	0.25543	3.75	3.25
4937	AP	2.55	3	17.1	20.2	3.1	841	17.4	19.3	0.3	0.25543	3.75	3.25
4937	AP	3.34	3	17.1	20.2	3.1	841	17.4	19.3	0.3	0.25543	3.75	3.25
4938	APC	2.45	4	14.9	24.7	9.8	3389	17	18.6	0.20109	0.03125	2.5	0.5
4938	APC	3.47	4	14.9	24.7	9.8	3389	17	18.6	0.20109	0.03125	2.5	0.5
4938	APC	3.33	4	14.9	24.7	9.8	3389	17	18.6	0.20109	0.03125	2.5	0.5
4938	APC	3.42	4	14.9	24.7	9.8	3389	17	18.6	0.20109	0.03125	2.5	0.5
4939	W	2.85	4	18.3	23	4.7	4803	20.9	21.4	0.45	0.49	4.75	4
4939	W	2.95	4	18.3	23	4.7	4803	20.9	21.4	0.45	0.49	4.75	4
4939	W	2.92	4	18.3	23	4.7	4803	20.9	21.4	0.45	0.49	4.75	4
4939	W	3	4	18.3	23	4.7	4803	20.9	21.4	0.45	0.49	4.75	4
4940	APC	3.35	3	16.2	20.1	3.9	4915	20.5	19.1	0.112359551	0.124223602	0.75	0.25
4940	APC	3.39	3	16.2	20.1	3.9	4915	20.5	19.1	0.112359551	0.124223602	0.75	0.25
4940	APC	2.93	3	16.2	20.1	3.9	4915	20.5	19.1	0.112359551	0.124223602	0.75	0.25
4951	W	1.94	5	13.9	22.1	8.2	4952	18.7	NA	0.40323	NA	4.75	NA
4951	W	1.98	5	13.9	22.1	8.2	4952	18.7	NA	0.40323	NA	4.75	NA
4951	W	2.09	5	13.9	22.1	8.2	4952	18.7	NA	0.40323	NA	4.75	NA
4951	W	2.07	5	13.9	22.1	8.2	4952	18.7	NA	0.40323	NA	4.75	NA
4951	W	2.14	5	13.9	22.1	8.2	4952	18.7	NA	0.40323	NA	4.75	NA
4956	C	2.6	4	20.4	25.2	4.8	6733f34	26.9	27.2	0.27692	0.09551	3.5	2.5
4956	C	2.64	4	20.4	25.2	4.8	6733f34	26.9	27.2	0.27692	0.09551	3.5	2.5
4956	C	2.5	4	20.4	25.2	4.8	6733f34	26.9	27.2	0.27692	0.09551	3.5	2.5
4956	C	2.46	4	20.4	25.2	4.8	6733f34	26.9	27.2	0.27692	0.09551	3.5	2.5
4957	AP	2.82	6	14.9	24.8	9.9	818	26	25.8	0.096969697	0.021621622	0.75	0.25
4957	AP	2.72	6	14.9	24.8	9.9	818	26	25.8	0.096969697	0.021621622	0.75	0.25
4957	AP	2.71	6	14.9	24.8	9.9	818	26	25.8	0.096969697	0.021621622	0.75	0.25
4957	AP	2.7	6	14.9	24.8	9.9	818	26	25.8	0.096969697	0.021621622	0.75	0.25
4957	AP	2.56	6	14.9	24.8	9.9	818	26	25.8	0.096969697	0.021621622	0.75	0.25
4959	C	1.81	4	19.6	21.9	2.3	3366	18.5	20.3	0.71845	0.64286	6	6
4959	C	1.97	4	19.6	21.9	2.3	3366	18.5	20.3	0.71845	0.64286	6	6
4959	C	2.16	4	19.6	21.9	2.3	3366	18.5	20.3	0.71845	0.64286	6	6
4959	C	1.98	4	19.6	21.9	2.3	3366	18.5	20.3	0.71845	0.64286	6	6
4965	AP	2.68	2	15.5	20.7	5.2	4982	19.8	21.3	0.72727	0.26452	6	3
4965	AP	2.92	2	15.5	20.7	5.2	4982	19.8	21.3	0.72727	0.26452	6	3
4966	C	2.77	4	17	19.6	2.6	3310	20.4	19.7	0.054054054	0.152631579	0	0.75
4966	C	2.5	4	17	19.6	2.6	3310	20.4	19.7	0.054054054	0.152631579	0	0.75
4966	C	2.53	4	17	19.6	2.6	3310	20.4	19.7	0.054054054	0.152631579	0	0.75
4966	C	2.8	4	17	19.6	2.6	3310	20.4	19.7	0.054054054	0.152631579	0	0.75
4969	C	2.03	4	12.7	18.2	5.5	4980	16.5	18.7	0.36364	0.53977	4.5	4.75
4969	C	2.63	4	12.7	18.2	5.5	4980	16.5	18.7	0.36364	0.53977	4.5	4.75
4969	C	2.27	4	12.7	18.2	5.5	4980	16.5	18.7	0.36364	0.53977	4.5	4.75
4969	C	2.08	4	12.7	18.2	5.5	4980	16.5	18.7	0.36364	0.53977	4.5	4.75
4976	C	3.01	2	18.2	22.2	4	4852	18.8	20.9	0.069892473	0.016304348	0.25	0
4976	C	2.67	2	18.2	22.2	4	4852	18.8	20.9	0.069892473	0.016304348	0.25	0
4992	AP	2.85	4	12.1	20.2	8.1	3385	19.5	18.9	0.18617	0.14211	1.75	1
4992	AP	2.7	4	12.1	20.2	8.1	3385	19.5	18.9	0.18617	0.14211	1.75	1
4992	AP	2.83	4	12.1	20.2	8.1	3385	19.5	18.9	0.18617	0.14211	1.75	1
4992	AP	2.93	4	12.1	20.2	8.1	3385	19.5	18.9	0.18617	0.14211	1.75	1
4997	W	3.08	5	15.2	21.2	6	819	21.3	20.7	0.021857923	0.023255814	0	0
4997	W	3.04	5	15.2	21.2	6	819	21.3	20.7	0.021857923	0.023255814	0	0
4997	W	3.06	5	15.2	21.2	6	819	21.3	20.7	0.021857923	0.023255814	0	0
4997	W	3.11	5	15.2	21.2	6	819	21.3	20.7	0.021857923	0.023255814	0	0
4997	W	2.91	5	15.2	21.2	6	819	21.3	20.7	0.021857923	0.023255814	0	0
5000	AP	2.31	4	17.3	21.2	3.9	753	17.8	20.8	0.38764	0.50331	4.75	6
5000	AP	2.7	4	17.3	21.2	3.9	753	17.8	20.8	0.38764	0.50331	4.75	6
5000	AP	2.64	4	17.3	21.2	3.9	753	17.8	20.8	0.38764	0.50331	4.75	6
5000	AP	2.47	4	17.3	21.2	3.9	753	17.8	20.8	0.38764	0.50331	4.75	6
3352_(0717)	C	2.13	5	15.6	22.7	7.1	3375	20.5	21.6	0.43931	0.28415	4.75	3
3352_(0717)	C	2.18	5	15.6	22.7	7.1	3375	20.5	21.6	0.43931	0.28415	4.75	3
3352_(0717)	C	2.29	5	15.6	22.7	7.1	3375	20.5	21.6	0.43931	0.28415	4.75	3
3352_(0717)	C	1.82	5	15.6	22.7	7.1	3375	20.5	21.6	0.43931	0.28415	4.75	3
3352_(0717)	C	2.21	5	15.6	22.7	7.1	3375	20.5	21.6	0.43931	0.28415	4.75	3
6EAB790	APC	2.61	4	19.3	23.6	4.3	845	19.8	27.3	0.34637	0.04324	4.25	0.5
6EAB790	APC	2.78	4	19.3	23.6	4.3	845	19.8	27.3	0.34637	0.04324	4.25	0.5
6EAB790	APC	3.01	4	19.3	23.6	4.3	845	19.8	27.3	0.34637	0.04324	4.25	0.5
6EAB790	APC	2.91	4	19.3	23.6	4.3	845	19.8	27.3	0.34637	0.04324	4.25	0.5
71CCE25	AP	3.46	5	20.2	24.3	4.1	767	26.2	24.4	0.14516129	0.55026455	1.25	1
71CCE25	AP	3.14	5	20.2	24.3	4.1	767	26.2	24.4	0.14516129	0.55026455	1.25	1
71CCE25	AP	3.21	5	20.2	24.3	4.1	767	26.2	24.4	0.14516129	0.55026455	1.25	1
71CCE25	AP	2.71	5	20.2	24.3	4.1	767	26.2	24.4	0.14516129	0.55026455	1.25	1
71CCE25	AP	3.45	5	20.2	24.3	4.1	767	26.2	24.4	0.14516129	0.55026455	1.25	1
71CF2B1	APC	2.89	4	17.5	23.1	5.6	4973	20.7	20	0.154285714	0.141414141	1.25	1
71CF2B1	APC	3.3	4	17.5	23.1	5.6	4973	20.7	20	0.154285714	0.141414141	1.25	1
71CF2B1	APC	2.95	4	17.5	23.1	5.6	4973	20.7	20	0.154285714	0.141414141	1.25	1
71CF2B1	APC	2.78	4	17.5	23.1	5.6	4973	20.7	20	0.154285714	0.141414141	1.25	1
71CFD7D	AP	1.88	6	17.3	23.2	5.9	4816	25.8	20.3	0.61818	0.58659	6	5.75
71CFD7D	AP	1.58	6	17.3	23.2	5.9	4816	25.8	20.3	0.61818	0.58659	6	5.75
71CFD7D	AP	1.62	6	17.3	23.2	5.9	4816	25.8	20.3	0.61818	0.58659	6	5.75
71CFD7D	AP	1.8	6	17.3	23.2	5.9	4816	25.8	20.3	0.61818	0.58659	6	5.75
71CFD7D	AP	1.96	6	17.3	23.2	5.9	4816	25.8	20.3	0.61818	0.58659	6	5.75
71CFD7D	AP	1.83	6	17.3	23.2	5.9	4816	25.8	20.3	0.61818	0.58659	6	5.75
